areaType,areaName,areaCode,date,newCasesBySpecimenDate,cumCasesBySpecimenDate
overview,United Kingdom,K02000001,2020-12-21,2235,2110314
overview,United Kingdom,K02000001,2020-12-20,15762,2108079
overview,United Kingdom,K02000001,2020-12-19,19222,2092317
overview,United Kingdom,K02000001,2020-12-18,31068,2073095
overview,United Kingdom,K02000001,2020-12-17,33209,2042027
overview,United Kingdom,K02000001,2020-12-16,34672,2008818
overview,United Kingdom,K02000001,2020-12-15,33764,1974146
overview,United Kingdom,K02000001,2020-12-14,34644,1940382
overview,United Kingdom,K02000001,2020-12-13,21981,1905738
overview,United Kingdom,K02000001,2020-12-12,19350,1883757
overview,United Kingdom,K02000001,2020-12-11,24077,1864407
overview,United Kingdom,K02000001,2020-12-10,22635,1840330
overview,United Kingdom,K02000001,2020-12-09,21644,1817695
overview,United Kingdom,K02000001,2020-12-08,20803,1796051
overview,United Kingdom,K02000001,2020-12-07,21351,1775248
overview,United Kingdom,K02000001,2020-12-06,13604,1753897
overview,United Kingdom,K02000001,2020-12-05,12772,1740293
overview,United Kingdom,K02000001,2020-12-04,15663,1727521
overview,United Kingdom,K02000001,2020-12-03,15635,1711858
overview,United Kingdom,K02000001,2020-12-02,16432,1696223
overview,United Kingdom,K02000001,2020-12-01,16441,1679791
overview,United Kingdom,K02000001,2020-11-30,18011,1663350
overview,United Kingdom,K02000001,2020-11-29,10688,1645339
overview,United Kingdom,K02000001,2020-11-28,10948,1634651
overview,United Kingdom,K02000001,2020-11-27,14368,1623703
overview,United Kingdom,K02000001,2020-11-26,14564,1609335
overview,United Kingdom,K02000001,2020-11-25,16605,1594771
overview,United Kingdom,K02000001,2020-11-24,16453,1578166
overview,United Kingdom,K02000001,2020-11-23,18743,1561713
overview,United Kingdom,K02000001,2020-11-22,11735,1542970
overview,United Kingdom,K02000001,2020-11-21,12347,1531235
overview,United Kingdom,K02000001,2020-11-20,16854,1518888
overview,United Kingdom,K02000001,2020-11-19,17750,1502034
overview,United Kingdom,K02000001,2020-11-18,20756,1484284
overview,United Kingdom,K02000001,2020-11-17,23177,1463528
overview,United Kingdom,K02000001,2020-11-16,26564,1440351
overview,United Kingdom,K02000001,2020-11-15,16032,1413787
overview,United Kingdom,K02000001,2020-11-14,17998,1397755
overview,United Kingdom,K02000001,2020-11-13,24038,1379757
overview,United Kingdom,K02000001,2020-11-12,24460,1355719
overview,United Kingdom,K02000001,2020-11-11,27354,1331259
overview,United Kingdom,K02000001,2020-11-10,27420,1303905
overview,United Kingdom,K02000001,2020-11-09,31044,1276485
overview,United Kingdom,K02000001,2020-11-08,19952,1245441
overview,United Kingdom,K02000001,2020-11-07,18529,1225489
overview,United Kingdom,K02000001,2020-11-06,23320,1206960
overview,United Kingdom,K02000001,2020-11-05,23741,1183640
overview,United Kingdom,K02000001,2020-11-04,23681,1159899
overview,United Kingdom,K02000001,2020-11-03,25582,1136218
overview,United Kingdom,K02000001,2020-11-02,31518,1110636
overview,United Kingdom,K02000001,2020-11-01,15751,1079118
overview,United Kingdom,K02000001,2020-10-31,16500,1063367
overview,United Kingdom,K02000001,2020-10-30,22681,1046867
overview,United Kingdom,K02000001,2020-10-29,23354,1024186
overview,United Kingdom,K02000001,2020-10-28,23615,1000832
overview,United Kingdom,K02000001,2020-10-27,24107,977217
overview,United Kingdom,K02000001,2020-10-26,26549,953110
overview,United Kingdom,K02000001,2020-10-25,15722,926561
overview,United Kingdom,K02000001,2020-10-24,16244,910839
overview,United Kingdom,K02000001,2020-10-23,21497,894595
overview,United Kingdom,K02000001,2020-10-22,23255,873098
overview,United Kingdom,K02000001,2020-10-21,25469,849843
overview,United Kingdom,K02000001,2020-10-20,25320,824374
overview,United Kingdom,K02000001,2020-10-19,25601,799054
overview,United Kingdom,K02000001,2020-10-18,14182,773453
overview,United Kingdom,K02000001,2020-10-17,14769,759271
overview,United Kingdom,K02000001,2020-10-16,17715,744502
overview,United Kingdom,K02000001,2020-10-15,18432,726787
overview,United Kingdom,K02000001,2020-10-14,19700,708355
overview,United Kingdom,K02000001,2020-10-13,18895,688655
overview,United Kingdom,K02000001,2020-10-12,19444,669760
overview,United Kingdom,K02000001,2020-10-11,12067,650316
overview,United Kingdom,K02000001,2020-10-10,12515,638249
overview,United Kingdom,K02000001,2020-10-09,15733,625734
overview,United Kingdom,K02000001,2020-10-08,18257,610001
overview,United Kingdom,K02000001,2020-10-07,18340,591744
overview,United Kingdom,K02000001,2020-10-06,17067,573404
overview,United Kingdom,K02000001,2020-10-05,16560,556337
overview,United Kingdom,K02000001,2020-10-04,11805,539777
overview,United Kingdom,K02000001,2020-10-03,11557,527972
overview,United Kingdom,K02000001,2020-10-02,13697,516415
overview,United Kingdom,K02000001,2020-10-01,13190,502718
overview,United Kingdom,K02000001,2020-09-30,12564,489528
overview,United Kingdom,K02000001,2020-09-29,10250,476964
overview,United Kingdom,K02000001,2020-09-28,9933,466714
overview,United Kingdom,K02000001,2020-09-27,6976,456781
overview,United Kingdom,K02000001,2020-09-26,6764,449805
overview,United Kingdom,K02000001,2020-09-25,7251,443041
overview,United Kingdom,K02000001,2020-09-24,7612,435790
overview,United Kingdom,K02000001,2020-09-23,7062,428178
overview,United Kingdom,K02000001,2020-09-22,6422,421116
overview,United Kingdom,K02000001,2020-09-21,5606,414694
overview,United Kingdom,K02000001,2020-09-20,5324,409088
overview,United Kingdom,K02000001,2020-09-19,4859,403764
overview,United Kingdom,K02000001,2020-09-18,4960,398905
overview,United Kingdom,K02000001,2020-09-17,4639,393945
overview,United Kingdom,K02000001,2020-09-16,4376,389306
overview,United Kingdom,K02000001,2020-09-15,3556,384930
overview,United Kingdom,K02000001,2020-09-14,3398,381374
overview,United Kingdom,K02000001,2020-09-13,2146,377976
overview,United Kingdom,K02000001,2020-09-12,2675,375830
overview,United Kingdom,K02000001,2020-09-11,3294,373155
overview,United Kingdom,K02000001,2020-09-10,3598,369861
overview,United Kingdom,K02000001,2020-09-09,3331,366263
overview,United Kingdom,K02000001,2020-09-08,3308,362932
overview,United Kingdom,K02000001,2020-09-07,3863,359624
overview,United Kingdom,K02000001,2020-09-06,2451,355761
overview,United Kingdom,K02000001,2020-09-05,2545,353310
overview,United Kingdom,K02000001,2020-09-04,3038,350765
overview,United Kingdom,K02000001,2020-09-03,3099,347727
overview,United Kingdom,K02000001,2020-09-02,2995,344628
overview,United Kingdom,K02000001,2020-09-01,2249,341633
overview,United Kingdom,K02000001,2020-08-31,1500,339384
overview,United Kingdom,K02000001,2020-08-30,1161,337884
overview,United Kingdom,K02000001,2020-08-29,1223,336723
overview,United Kingdom,K02000001,2020-08-28,1625,335500
overview,United Kingdom,K02000001,2020-08-27,1552,333875
overview,United Kingdom,K02000001,2020-08-26,1354,332323
overview,United Kingdom,K02000001,2020-08-25,1246,330969
overview,United Kingdom,K02000001,2020-08-24,1271,329723
overview,United Kingdom,K02000001,2020-08-23,824,328452
overview,United Kingdom,K02000001,2020-08-22,827,327628
overview,United Kingdom,K02000001,2020-08-21,1195,326801
overview,United Kingdom,K02000001,2020-08-20,1464,325606
overview,United Kingdom,K02000001,2020-08-19,1240,324142
overview,United Kingdom,K02000001,2020-08-18,1084,322902
overview,United Kingdom,K02000001,2020-08-17,1284,321818
overview,United Kingdom,K02000001,2020-08-16,598,320534
overview,United Kingdom,K02000001,2020-08-15,697,319936
overview,United Kingdom,K02000001,2020-08-14,1160,319239
overview,United Kingdom,K02000001,2020-08-13,1145,318079
overview,United Kingdom,K02000001,2020-08-12,1208,316934
overview,United Kingdom,K02000001,2020-08-11,1340,315726
overview,United Kingdom,K02000001,2020-08-10,1473,314386
overview,United Kingdom,K02000001,2020-08-09,616,312913
overview,United Kingdom,K02000001,2020-08-08,696,312297
overview,United Kingdom,K02000001,2020-08-07,942,311601
overview,United Kingdom,K02000001,2020-08-06,1085,310659
overview,United Kingdom,K02000001,2020-08-05,1060,309574
overview,United Kingdom,K02000001,2020-08-04,1019,308514
overview,United Kingdom,K02000001,2020-08-03,1042,307495
overview,United Kingdom,K02000001,2020-08-02,554,306453
overview,United Kingdom,K02000001,2020-08-01,542,305899
overview,United Kingdom,K02000001,2020-07-31,674,305357
overview,United Kingdom,K02000001,2020-07-30,922,304683
overview,United Kingdom,K02000001,2020-07-29,1039,303761
overview,United Kingdom,K02000001,2020-07-28,843,302722
overview,United Kingdom,K02000001,2020-07-27,856,301879
overview,United Kingdom,K02000001,2020-07-26,558,301023
overview,United Kingdom,K02000001,2020-07-25,523,300465
overview,United Kingdom,K02000001,2020-07-24,768,299942
overview,United Kingdom,K02000001,2020-07-23,799,299174
overview,United Kingdom,K02000001,2020-07-22,798,298375
overview,United Kingdom,K02000001,2020-07-21,783,297577
overview,United Kingdom,K02000001,2020-07-20,811,296794
overview,United Kingdom,K02000001,2020-07-19,443,295983
overview,United Kingdom,K02000001,2020-07-18,497,295540
overview,United Kingdom,K02000001,2020-07-17,580,295043
overview,United Kingdom,K02000001,2020-07-16,705,294463
overview,United Kingdom,K02000001,2020-07-15,772,293758
overview,United Kingdom,K02000001,2020-07-14,692,292986
overview,United Kingdom,K02000001,2020-07-13,732,292294
overview,United Kingdom,K02000001,2020-07-12,369,291562
overview,United Kingdom,K02000001,2020-07-11,448,291193
overview,United Kingdom,K02000001,2020-07-10,566,290745
overview,United Kingdom,K02000001,2020-07-09,715,290179
overview,United Kingdom,K02000001,2020-07-08,704,289464
overview,United Kingdom,K02000001,2020-07-07,604,288760
overview,United Kingdom,K02000001,2020-07-06,707,288156
overview,United Kingdom,K02000001,2020-07-05,556,287449
overview,United Kingdom,K02000001,2020-07-04,399,286893
overview,United Kingdom,K02000001,2020-07-03,568,286494
overview,United Kingdom,K02000001,2020-07-02,604,285926
overview,United Kingdom,K02000001,2020-07-01,646,285322
overview,United Kingdom,K02000001,2020-06-30,615,284676
overview,United Kingdom,K02000001,2020-06-29,726,284061
overview,United Kingdom,K02000001,2020-06-28,447,283335
overview,United Kingdom,K02000001,2020-06-27,651,282888
overview,United Kingdom,K02000001,2020-06-26,672,282237
overview,United Kingdom,K02000001,2020-06-25,721,281565
overview,United Kingdom,K02000001,2020-06-24,777,280844
overview,United Kingdom,K02000001,2020-06-23,889,280067
overview,United Kingdom,K02000001,2020-06-22,893,279178
overview,United Kingdom,K02000001,2020-06-21,639,278285
overview,United Kingdom,K02000001,2020-06-20,687,277646
overview,United Kingdom,K02000001,2020-06-19,985,276959
overview,United Kingdom,K02000001,2020-06-18,1028,275974
overview,United Kingdom,K02000001,2020-06-17,1013,274946
overview,United Kingdom,K02000001,2020-06-16,1102,273933
overview,United Kingdom,K02000001,2020-06-15,1045,272831
overview,United Kingdom,K02000001,2020-06-14,820,271786
overview,United Kingdom,K02000001,2020-06-13,888,270966
overview,United Kingdom,K02000001,2020-06-12,1052,270078
overview,United Kingdom,K02000001,2020-06-11,1013,269026
overview,United Kingdom,K02000001,2020-06-10,1194,268013
overview,United Kingdom,K02000001,2020-06-09,1160,266819
overview,United Kingdom,K02000001,2020-06-08,1092,265659
overview,United Kingdom,K02000001,2020-06-07,720,264567
overview,United Kingdom,K02000001,2020-06-06,807,263847
overview,United Kingdom,K02000001,2020-06-05,1121,263040
overview,United Kingdom,K02000001,2020-06-04,1252,261919
overview,United Kingdom,K02000001,2020-06-03,1360,260667
overview,United Kingdom,K02000001,2020-06-02,1489,259307
overview,United Kingdom,K02000001,2020-06-01,1438,257818
overview,United Kingdom,K02000001,2020-05-31,1078,256380
overview,United Kingdom,K02000001,2020-05-30,1121,255302
overview,United Kingdom,K02000001,2020-05-29,1526,254181
overview,United Kingdom,K02000001,2020-05-28,1756,252655
overview,United Kingdom,K02000001,2020-05-27,1831,250899
overview,United Kingdom,K02000001,2020-05-26,1665,249068
overview,United Kingdom,K02000001,2020-05-25,1623,247403
overview,United Kingdom,K02000001,2020-05-24,1366,245780
overview,United Kingdom,K02000001,2020-05-23,1527,244414
overview,United Kingdom,K02000001,2020-05-22,2059,242887
overview,United Kingdom,K02000001,2020-05-21,2574,240828
overview,United Kingdom,K02000001,2020-05-20,2706,238254
overview,United Kingdom,K02000001,2020-05-19,3058,235548
overview,United Kingdom,K02000001,2020-05-18,2583,232490
overview,United Kingdom,K02000001,2020-05-17,1836,229907
overview,United Kingdom,K02000001,2020-05-16,2081,228071
overview,United Kingdom,K02000001,2020-05-15,2532,225990
overview,United Kingdom,K02000001,2020-05-14,2633,223458
overview,United Kingdom,K02000001,2020-05-13,3307,220825
overview,United Kingdom,K02000001,2020-05-12,3401,217518
overview,United Kingdom,K02000001,2020-05-11,3577,214117
overview,United Kingdom,K02000001,2020-05-10,2325,210540
overview,United Kingdom,K02000001,2020-05-09,2161,208215
overview,United Kingdom,K02000001,2020-05-08,3055,206054
overview,United Kingdom,K02000001,2020-05-07,3765,202999
overview,United Kingdom,K02000001,2020-05-06,3823,199234
overview,United Kingdom,K02000001,2020-05-05,3676,195411
overview,United Kingdom,K02000001,2020-05-04,3387,191735
overview,United Kingdom,K02000001,2020-05-03,2976,188348
overview,United Kingdom,K02000001,2020-05-02,3231,185372
overview,United Kingdom,K02000001,2020-05-01,4734,182141
overview,United Kingdom,K02000001,2020-04-30,4962,177407
overview,United Kingdom,K02000001,2020-04-29,5432,172445
overview,United Kingdom,K02000001,2020-04-28,4724,167013
overview,United Kingdom,K02000001,2020-04-27,4705,162289
overview,United Kingdom,K02000001,2020-04-26,3473,157584
overview,United Kingdom,K02000001,2020-04-25,3748,154111
overview,United Kingdom,K02000001,2020-04-24,4954,150363
overview,United Kingdom,K02000001,2020-04-23,5148,145409
overview,United Kingdom,K02000001,2020-04-22,5489,140261
overview,United Kingdom,K02000001,2020-04-21,4755,134772
overview,United Kingdom,K02000001,2020-04-20,4851,130017
overview,United Kingdom,K02000001,2020-04-19,3855,125166
overview,United Kingdom,K02000001,2020-04-18,4714,121311
overview,United Kingdom,K02000001,2020-04-17,4943,116597
overview,United Kingdom,K02000001,2020-04-16,5284,111654
overview,United Kingdom,K02000001,2020-04-15,5053,106370
overview,United Kingdom,K02000001,2020-04-14,4306,101317
overview,United Kingdom,K02000001,2020-04-13,4176,97011
overview,United Kingdom,K02000001,2020-04-12,3485,92835
overview,United Kingdom,K02000001,2020-04-11,3570,89350
overview,United Kingdom,K02000001,2020-04-10,4313,85780
overview,United Kingdom,K02000001,2020-04-09,4856,81467
overview,United Kingdom,K02000001,2020-04-08,5123,76611
overview,United Kingdom,K02000001,2020-04-07,5443,71488
overview,United Kingdom,K02000001,2020-04-06,5275,66045
overview,United Kingdom,K02000001,2020-04-05,3589,60770
overview,United Kingdom,K02000001,2020-04-04,4009,57181
overview,United Kingdom,K02000001,2020-04-03,4921,53172
overview,United Kingdom,K02000001,2020-04-02,4863,48251
overview,United Kingdom,K02000001,2020-04-01,4910,43388
overview,United Kingdom,K02000001,2020-03-31,4517,38478
overview,United Kingdom,K02000001,2020-03-30,4272,33961
overview,United Kingdom,K02000001,2020-03-29,2858,29689
overview,United Kingdom,K02000001,2020-03-28,2823,26831
overview,United Kingdom,K02000001,2020-03-27,3196,24008
overview,United Kingdom,K02000001,2020-03-26,3091,20812
overview,United Kingdom,K02000001,2020-03-25,2689,17721
overview,United Kingdom,K02000001,2020-03-24,2373,15032
overview,United Kingdom,K02000001,2020-03-23,2326,12659
overview,United Kingdom,K02000001,2020-03-22,1378,10333
overview,United Kingdom,K02000001,2020-03-21,1199,8955
overview,United Kingdom,K02000001,2020-03-20,1256,7756
overview,United Kingdom,K02000001,2020-03-19,1052,6500
overview,United Kingdom,K02000001,2020-03-18,1000,5448
overview,United Kingdom,K02000001,2020-03-17,769,4448
overview,United Kingdom,K02000001,2020-03-16,613,3679
overview,United Kingdom,K02000001,2020-03-15,444,3066
overview,United Kingdom,K02000001,2020-03-14,363,2622
overview,United Kingdom,K02000001,2020-03-13,481,2259
overview,United Kingdom,K02000001,2020-03-12,481,1778
overview,United Kingdom,K02000001,2020-03-11,405,1297
overview,United Kingdom,K02000001,2020-03-10,265,892
overview,United Kingdom,K02000001,2020-03-09,146,627
overview,United Kingdom,K02000001,2020-03-08,57,481
overview,United Kingdom,K02000001,2020-03-07,68,424
overview,United Kingdom,K02000001,2020-03-06,81,356
overview,United Kingdom,K02000001,2020-03-05,51,275
overview,United Kingdom,K02000001,2020-03-04,56,224
overview,United Kingdom,K02000001,2020-03-03,56,168
overview,United Kingdom,K02000001,2020-03-02,40,112
overview,United Kingdom,K02000001,2020-03-01,22,72
overview,United Kingdom,K02000001,2020-02-29,5,50
overview,United Kingdom,K02000001,2020-02-28,12,45
overview,United Kingdom,K02000001,2020-02-27,8,33
overview,United Kingdom,K02000001,2020-02-26,4,25
overview,United Kingdom,K02000001,2020-02-25,5,21
overview,United Kingdom,K02000001,2020-02-24,2,16
overview,United Kingdom,K02000001,2020-02-23,1,14
overview,United Kingdom,K02000001,2020-02-22,2,12
overview,United Kingdom,K02000001,2020-02-21,1,11
overview,United Kingdom,K02000001,2020-02-20,0,1
overview,United Kingdom,K02000001,2020-02-19,0,1
overview,United Kingdom,K02000001,2020-02-18,0,1
overview,United Kingdom,K02000001,2020-02-17,0,1
overview,United Kingdom,K02000001,2020-02-16,0,1
overview,United Kingdom,K02000001,2020-02-15,0,1
overview,United Kingdom,K02000001,2020-02-14,0,1
overview,United Kingdom,K02000001,2020-02-13,0,1
overview,United Kingdom,K02000001,2020-02-12,0,10
overview,United Kingdom,K02000001,2020-02-11,1,10
overview,United Kingdom,K02000001,2020-02-10,0,1
overview,United Kingdom,K02000001,2020-02-09,1,9
overview,United Kingdom,K02000001,2020-02-08,4,8
overview,United Kingdom,K02000001,2020-02-07,0,1
overview,United Kingdom,K02000001,2020-02-06,0,1
overview,United Kingdom,K02000001,2020-02-05,1,3
overview,United Kingdom,K02000001,2020-02-04,0,1
overview,United Kingdom,K02000001,2020-02-03,0,1
overview,United Kingdom,K02000001,2020-02-02,0,2
overview,United Kingdom,K02000001,2020-02-01,0,2
overview,United Kingdom,K02000001,2020-01-31,0,2
overview,United Kingdom,K02000001,2020-01-30,2,2
overview,United Kingdom,K02000001,2020-01-29,0,1
overview,United Kingdom,K02000001,2020-01-28,0,1
overview,United Kingdom,K02000001,2020-01-27,0,1
overview,United Kingdom,K02000001,2020-01-26,0,1
overview,United Kingdom,K02000001,2020-01-25,0,1
overview,United Kingdom,K02000001,2020-01-24,0,1
overview,United Kingdom,K02000001,2020-01-23,0,1
overview,United Kingdom,K02000001,2020-01-22,0,1
overview,United Kingdom,K02000001,2020-01-21,0,1
overview,United Kingdom,K02000001,2020-01-20,0,1
overview,United Kingdom,K02000001,2020-01-19,0,1
overview,United Kingdom,K02000001,2020-01-18,0,1
overview,United Kingdom,K02000001,2020-01-17,0,1
overview,United Kingdom,K02000001,2020-01-16,0,1
overview,United Kingdom,K02000001,2020-01-15,0,1
overview,United Kingdom,K02000001,2020-01-14,0,1
overview,United Kingdom,K02000001,2020-01-13,0,1
overview,United Kingdom,K02000001,2020-01-12,0,1
overview,United Kingdom,K02000001,2020-01-11,1,1
